TP: 247
FP: 75
TN: 246
FN: 74
Sensitivity: 0.769470404984
Specificity: 0.766355140187
Precision: 0.767080745342