TP: 131
FP: 70
TN: 248
FN: 192
Sensitivity: 0.405572755418
Specificity: 0.779874213836
Precision: 0.651741293532