TP: 277
FP: 5
TN: 295
FN: 23
Sensitivity: 0.923333333333
Specificity: 0.983333333333
Precision: 0.982269503546